11928 02218 02217 06165
201928 02218 02217 06165
201936 02229 02229 06195
201976 02285 02288 06344
201951 02250 02251 06251
201956 02257 02258 06270
201951 02250 02250 06250
201960 02263 02264 06285
201982 02293 02296 06366
201990 02304 02308 06395
202036 02368 02376 06568
202053 02391 02401 06631
302050 02388 02397 06622
302064 02407 02418 06674
402059 02400 02411 06656
302059 02400 02411 06656
402065 02409 02420 06678
402072 02419 02430 06705
402094 02449 02462 06787
402088 02440 02453 06763
402094 02448 02462 06785
402118 02481 02497 06874
402344 02793 02831 07724
402307 02742 02775 07582
402317 02757 02791 07622
802309 02745 02779 07592
702250 02663 02691 07368
702223 02627 02652 07269
702216 02617 02641 07241
602200 02596 02618 07184
602162 02543 02562 07040
602126 02493 02508 06904
602098 02454 02467 06799
502076 02424 02434 06716
501999 02319 02322 06431
401970 02279 02280 06324
401839 02100 02089 05839
301865 02136 02127 05961
201881 02158 02151 05996
001886 02164 02158 06013
101872 02145 02137 05962
101851 02116 02106 05882
101858 02126 02117 05909
101869 02141 02133 05952
101887 02165 02158 06016
101883 02161 02154 06004
101883 02160 02153 06001
101880 02156 02149 05991
101871 02143 02135 05956
101872 02145 02138 05963
101874 02148 02141 05971
101874 02148 02141 05971
101878 02153 02146 05984
101874 02147 02140 05968
101871 02144 02136 05959
101865 02135 02127 05935
101858 02125 02116 05909
101869 02141 02133 05950
101864 02134 02126 05933
101877 02152 02145 05981
101851 02116 02106 05883
101856 02124 02115 05904
101833 02092 02081 05819
101712 01926 01905 05372
101823 02078 02067 05782
001896 02179 02174 06053
901990 02306 02310 06398
002022 02349 02356 06514
101890 02168 02163 06027
301732 01998 01983 05570
301859 02125 02118 05912
101950 02249 02249 06246
901392 01483 01438 04182
101143 01134 01073 03234
201116 01097 01036 03135
401137 01126 01065 03211
001192 01200 01142 03411
001212 01227 01170 03484
001212 01226 01169 03482
101262 01305 01251 03707
101229 01254 01199 03564
101228 01252 01196 03557
201226 01248 01193 03546
101238 01264 01209 03589
101242 01272 01217 03611
101243 01274 01219 03617
201238 01266 01211 03594
200827 00690 00616 02023
200923 00828 00758 02404
200961 00883 00814 02553
600970 00894 00826 02585
701006 00945 00878 02723
801020 00965 00899 02777
801067 01030 00967 02955
801095 01069 01006 03058
801102 01079 01017 03086
901122 01106 01045 03158
001121 01103 01042 03152
001118 01100 01039 03142
001136 01124 01063 03206