23642 04151 02043 09423
003624 04129 02033 09374
003582 04077 02009 09262
003585 04080 02010 09268
003603 04102 02021 09315
003557 04044 01994 09189
003587 04080 02011 09268
003570 04059 02001 09223
903467 03934 01941 08948
003482 03952 01950 08987
003528 04007 01976 09109
903578 04069 02005 09244
903748 04280 02105 09705
903709 04232 02082 09600
003765 04302 02115 09753
103776 04315 02122 09781
003783 04324 02126 09802
103807 04354 02140 09866
103732 04261 02097 09664
103784 04325 02127 09804
103805 04351 02139 09860
003798 04342 02135 09841
103813 04361 02144 09883
103825 04377 02151 09916
103843 04398 02161 09964
103840 04395 02160 09957
103823 04391 02158 09947
103872 04435 02178 10043
103809 04358 02142 09874
103777 04319 02123 09789
103813 04363 02144 09886
103949 04533 02224 10257
103946 04529 02222 10249
103919 04496 02207 10059
203835 04391 02157 09948
203767 04304 02116 09759
203802 04348 02137 09854
103906 04477 02198 10136
103997 04592 02252 10387
103904 04476 02197 10135
103944 04525 02220 10241
203962 04547 02231 10290
103950 04532 02224 10257
203995 04589 02251 10381
203988 04580 02247 10362
203939 04520 02218 10229
203956 04540 02227 10273
203989 04581 02247 10363
203975 04563 02238 10324
203963 04549 02232 10294
203945 04525 02221 10243
203933 04511 02214 10211
203922 04497 02208 10181
203938 04517 02217 10224
203929 04506 02212 10200
203943 04524 02220 10240
203928 04505 02211 10198
203945 04526 02221 10244
203924 04500 02209 10187
203913 04487 02203 10158
203905 04477 02198 10136
203898 04468 02194 10117
203888 04455 02188 10089
103868 04431 02176 10036
103884 04450 02185 10078
103869 04432 02177 10038
103871 04434 02178 10043
103937 04516 02216 10223
103885 04452 02186 10082
103874 04438 02180 10051
203880 04446 02183 10068
103852 04410 02167 09990
103858 04418 02171 10008
103863 04425 02174 10023
103849 04408 02165 09985
103844 04400 02162 09969
103856 04416 02169 10002
103845 04402 02163 09972
103847 04404 02164 09977
103833 04388 02156 09941
103841 04398 02161 09963
103838 04394 02159 09954
103842 04398 02161 09963
103854 04413 02168 09997
103863 04425 02174 10022
103837 04393 02159 09952
103805 04352 02139 09864
103794 04339 02133 09835
103797 04343 02135 09843
103789 04332 02130 09820
103793 04338 02133 09833
103800 04347 02137 09851
103793 04338 02133 09832
103800 04347 02137 09851
103784 04326 02127 09806
103782 04324 02126 09802
103773 04313 02121 09777
103796 04342 02134 09840
103745 04279 02105 09702
103581 04076 02009 09257