83822 04376 03055 10782
003811 04363 03045 10749
003819 04373 03052 10775
003810 04361 03044 10746
003834 04392 03066 10820
003819 04373 03052 10774
003823 04377 03056 10785
003819 04373 03052 10774
003832 04389 03064 10814
003837 04395 03068 10827
003822 04377 03055 10783
003826 04381 03059 10795
003807 04359 03042 10739
003803 04353 03039 10726
003779 04324 03018 10656
003803 04354 03039 10729
003794 04342 03031 10699
003813 04366 03048 10757
003863 04428 03091 10907
003869 04436 03097 10926
003877 04445 03103 10948
003863 04428 03091 10906
003877 04445 03103 10947
103867 04434 03095 10919
003889 04460 03113 10983
103899 04472 03122 11013
003909 04485 03131 11043
103890 04462 03114 10987
103925 04505 03145 11092
103939 04522 03156 11132
103868 04434 03095 10921
103908 04485 03131 11043
103903 04478 03125 11025
003896 04469 03119 11003
103872 04439 03099 10932
103886 04457 03111 10975
103887 04458 03112 10978
003881 04450 03106 10959
103892 04464 03116 10992
103886 04457 03111 10975
103852 04415 03082 10875
103894 04467 03118 11000
103881 04450 03107 10960
003899 04473 03122 11014
103902 04477 03125 11023
103925 04506 03145 11091
103924 04505 03145 11091
103926 04507 03146 11096
103907 04483 03130 11039
103918 04498 03140 11073
103911 04488 03133 11050
103919 04498 03140 11074
103936 04520 03155 11126
103941 04526 03159 11145
103912 04490 03134 11054
103935 04519 03154 11123
103930 04513 03150 11110
103926 04508 03146 11097
103908 04484 03130 11041
103927 04509 03147 11100
103940 04525 03158 11138
103941 04527 03160 11143
103937 04521 03156 11128
103923 04503 03143 11085
103944 04530 03162 11150
103945 04531 03163 11151
103934 04517 03153 11118
103922 04503 03143 11085
103902 04477 03126 11024
103926 04508 03147 11097
103902 04478 03126 11025
103906 04482 03129 11035
103905 04482 03129 11034
103912 04489 03134 11052
103910 04488 03133 11049
103934 04518 03154 11121
103938 04522 03156 11130
103921 04501 03142 11080
103903 04479 03127 11027
103912 04490 03134 11053
103929 04512 03150 11106
103952 04540 03170 11174
103935 04518 03154 11122
103934 04517 03154 11119
103854 04417 03084 10879
103821 04376 03056 10780
103819 04373 03053 10773
003856 04419 03086 10885
003883 04453 03109 10965
003855 04418 03085 10883
003847 04408 03078 10858
103834 04393 03067 10820
003910 04487 03133 11047
003946 04531 03163 11153
003819 04374 03054 10775
103854 04416 03084 10877
103875 04443 03102 10941
003900 04474 03124 11016
003907 04483 03130 11038
103913 04491 03135 11057