99895 03776 02901 15511
709979 03807 02925 15641
810099 03851 02960 15829
910180 03881 02983 15953
910363 03949 03035 16238
910434 03975 03056 16348
910311 03930 03021 16369
010463 03986 03064 16393
010152 03872 02976 15910
009908 03781 02905 15530
011167 04247 03267 17488
911146 04239 03261 17456
911280 04289 03300 17665
211164 04246 03266 17484
211572 04398 03384 18122
311418 04340 03340 17882
211526 04380 03371 18049
311189 04255 03274 17522
311603 04409 03394 18170
312091 04591 03535 18932
212355 04690 03611 19346
312259 04654 03583 19195
512665 04806 03701 19832
612823 04865 03747 20080
512599 04781 03682 19728
712645 04798 03696 19801
712982 04924 03794 20329
612622 04790 03689 19764
613108 04971 03830 20526
713254 05027 03873 20758
613440 05097 03928 21051
813015 04937 03804 20380
813310 05048 03890 20844
913574 05147 03967 21261
813599 05156 03974 21300
813402 05083 03917 20991
913637 05171 03986 21361
913435 05095 03927 21042
913524 05129 03953 21183
913145 04986 03842 20586
913530 05131 03955 21192
914062 05331 04110 22030
813981 05301 04087 21902
913657 05179 03992 21391
113734 05208 04014 21512
014039 05323 04104 21995
914139 05361 04133 22152
014009 05312 04095 21948
113853 05253 04049 21701
114016 05314 04097 21957
014089 05342 04119 22073
014121 05354 04128 22122
013774 05224 04027 21577
113969 05297 04084 21884
114018 05316 04099 21961
013859 05256 04052 21712
014211 05388 04155 22266
014112 05351 04126 22111
014187 05379 04148 22229
114081 05340 04117 22062
114413 05465 04215 22586
114406 05463 04213 22576
114467 05485 04231 22671
214436 05474 04222 22621
214236 05398 04163 22307
214547 05516 04254 22798
214147 05365 04137 22166
114077 05338 04116 22054
213703 05197 04007 21464
113126 04981 03839 20557
113297 05045 03889 20828
013913 05277 04069 21798
814099 05348 04124 22093
813986 05305 04090 21914
014088 05343 04120 22073
114369 05449 04203 22518
014924 05659 04366 23396
114943 05667 04372 23426
213672 05187 03999 21420
313705 05200 04009 21472
313458 05107 03937 21083
913599 05160 03978 21304
013508 05126 03951 21160
913469 05111 03940 21100
913969 05300 04086 21888
914263 05411 04173 22353
914130 05361 04134 22143
014323 05433 04200 22497
114348 05443 04198 22487
114130 05361 04134 22143
214166 05375 04145 22200
114231 05399 04164 22302
114047 05330 04110 22012
114271 05415 04176 22367
114260 05411 04172 22350
114160 05373 04143 22192
114291 05422 04182 22398
114356 05446 04201 22500
113915 05280 04071 21804
113941 05290 04079 21846