86879 04164 03114 13375
106913 04185 03130 13443
106935 04198 03140 13484
106906 04181 03108 13349
106961 04213 03152 13535
106830 04135 03093 13280
106689 04050 03029 13006
106899 04177 03125 13416
007005 04241 03173 13623
007046 04266 03191 13702
107102 04299 03217 13811
107151 04328 03238 13906
106882 04167 03117 13382
206481 03924 02935 12597
205804 03517 02630 11280
105182 03141 02349 10065
905093 03088 02309 09893
605249 03181 02379 10195
305680 03442 02574 11038
305634 03414 02553 10947
305593 03390 02535 10869
505790 03508 02623 11252
505781 03503 02620 11235
505872 03558 02661 11412
605954 03607 02697 11571
606103 03697 02765 11862
606217 03765 02816 12082
606228 03772 02821 12104
706130 03713 02777 11914
806092 03690 02759 11837
806162 03732 02791 11974
706201 03756 02809 12051
706215 03764 02815 12078
706222 03769 02819 12093
806229 03773 02822 12106
806220 03768 02818 12089
806282 03805 02846 12209
806283 03806 02847 12212
806282 03805 02846 12210
806270 03798 02840 12186
806268 03797 02840 12183
806276 03802 02843 12198
806268 03797 02840 12183
806279 03804 02845 12205
806291 03811 02851 12228
806299 03816 02854 12243
806274 03801 02843 12194
806280 03805 02846 12208
806284 03807 02848 12215
806310 03823 02860 12266
806251 03788 02833 12151
806266 03797 02840 12181
806310 03823 02860 12266
806292 03812 02852 12231
806313 03825 02861 12272
806341 03842 02874 12327
806426 03893 02913 12493
806837 04142 03099 13294
806731 04077 03050 13086
906772 04101 03069 13164
006568 03978 02976 12768
006384 03868 02893 12409
006318 03828 02863 12281
906350 03847 02878 12342
806482 03926 02938 12599
806348 03846 02877 12339
806381 03865 02892 12403
906395 03874 02898 12431
806373 03861 02889 12388
806407 03881 02904 12454
806361 03854 02883 12364
806330 03835 02869 12303
906275 03802 02844 12197
806248 03786 02832 12144
806233 03777 02826 12115
806224 03771 02821 12097
806346 03845 02877 12336
806357 03852 02882 12357
806388 03870 02896 12416
806429 03895 02914 12498
806509 03943 02950 12653
806519 03949 02955 12671
906499 03937 02946 12633
906549 03968 02969 12731
906580 03986 02982 12791
906675 04044 03026 12977
906613 04006 02998 12856
906753 04091 03061 13129
006797 04117 03081 13215
906905 04182 03130 13425
006936 04201 03144 13484
006925 04194 03139 13464
107103 04302 03220 13812
107113 04308 03224 13831
106928 04196 03140 13471
207031 04258 03187 13670
207301 04421 03310 14197
107118 04311 03226 13840
107081 04289 03210 13769
306982 04229 03165 13575