92795 01655 02307 15237
112775 01653 02304 15213
312787 01654 02306 15227
312729 01648 02296 15159
312787 01654 02306 15227
312551 01628 02265 14948
212461 01619 02250 14842
312529 01626 02262 14923
212571 01630 02269 14973
212628 01636 02278 15039
212640 01637 02280 15054
212669 01640 02285 15089
212656 01639 02283 15073
212682 01641 02287 15104
212730 01646 02295 15160
212611 01633 02274 15021
212366 01606 02233 14732
211505 01513 02086 13722
210142 01366 01855 12131
207368 01071 01389 08919
007283 01062 01374 08821
806307 00962 01215 07697
307954 01131 01485 09595
307728 01107 01447 09335
207461 01078 01402 09027
406230 00954 01202 07609
406367 00967 01224 07766
406238 00955 01204 07618
206361 00966 01222 07759
206346 00964 01219 07743
206083 00940 01179 07439
206244 00953 01202 07613
206141 00945 01188 07507
106120 00943 01184 07483
206031 00934 01170 07380
106177 00947 01192 07548
106212 00950 01197 07588
106196 00948 01194 07570
106257 00953 01203 07640
106287 00956 01208 07674
106302 00957 01210 07692
206303 00957 01210 07693
206353 00961 01217 07750
206412 00966 01226 07818
206489 00973 01238 07907
206953 01020 01313 08441
207020 01027 01324 08519
207042 01030 01328 08543
307266 01054 01366 08803
307346 01062 01380 08895
307693 01099 01438 09295
307906 01122 01474 09542
307858 01117 01466 09487
407965 01129 01484 09610
408078 01141 01504 09741
408102 01144 01508 09768
408163 01151 01518 09838
508192 01154 01523 09872
508186 01153 01522 09865
508200 01155 01525 09881
508204 01156 01526 09886
508277 01164 01539 09971
508247 01161 01534 09936
508143 01150 01517 09816
508159 01152 01519 09834
508177 01154 01522 09854
508225 01159 01531 09911
508346 01172 01551 10051
508362 01174 01554 10068
508331 01171 01549 10033
508392 01178 01559 10103
508472 01186 01573 10196
508528 01193 01583 10261
508552 01195 01587 10288
508569 01197 01590 10308
508582 01199 01592 10323
508565 01197 01589 10303
508464 01186 01572 10186
508493 01189 01577 10219
508471 01187 01574 10195
508449 01185 01570 10169
508452 01185 01571 10172
508453 01185 01571 10174
508479 01188 01575 10203
508501 01191 01579 10228
508506 01191 01580 10235
508502 01191 01579 10230
508488 01189 01577 10214
508494 01190 01578 10221
508489 01189 01577 10216
508471 01187 01574 10195
508494 01190 01578 10221
508483 01188 01576 10208
508503 01190 01579 10231
508508 01191 01580 10238
508537 01194 01585 10271
508532 01193 01584 10265
508542 01194 01585 10277
508558 01196 01588 10296
508566 01196 01589 10304