07988 05860 04164 17069
107950 05833 04144 16988
107955 05836 04146 16999
107994 05865 04167 17082
108032 05893 04187 17164
108004 05872 04172 17104
108002 05871 04171 17100
107947 05830 04142 16980
108047 05904 04195 17196
107961 05841 04150 17012
107955 05836 04146 16997
107980 05855 04159 17051
107965 05844 04152 17021
107945 05829 04141 16977
107947 05831 04142 16981
107939 05824 04138 16963
107924 05814 04130 16932
107917 05808 04127 16917
107911 05804 04123 16903
107853 05761 04093 16778
107885 05785 04110 16848
107927 05816 04132 16938
007886 05786 04110 16851
107940 05825 04139 16967
107893 05791 04114 16865
107894 05791 04114 16867
107899 05795 04117 16878
107915 05807 04126 16913
107893 05791 04114 16865
107922 05812 04129 16927
107904 05799 04120 16889
107903 05799 04119 16887
107913 05806 04125 16907
107930 05818 04134 16944
107958 05839 04149 17005
107890 05788 04113 16858
107835 05748 04084 16740
107877 05779 04106 16830
107879 05780 04106 16834
007823 05739 04077 16714
107817 05734 04074 16702
107819 05736 04075 16705
007790 05714 04060 16643
007815 05733 04073 16698
007833 05746 04082 16736
007779 05706 04054 16618
007833 05746 04082 16735
007790 05715 04060 16643
007822 05738 04077 16712
007792 05715 04061 16646
007820 05737 04076 16708
007800 05722 04065 16664
007798 05720 04064 16661
007804 05725 04068 16674
007772 05701 04051 16604
007774 05702 04051 16607
007747 05682 04037 16550
007777 05705 04053 16615
007805 05725 04068 16675
007743 05680 04035 16542
007582 05561 03951 16139
007453 05464 03882 15915
007501 05500 03908 16020
907733 05673 04030 16521
807906 05801 04121 16893
908021 05887 04182 17142
007991 05864 04166 17077
107903 05798 04119 16887
107869 05773 04101 16814
107922 05813 04130 16928
107721 05663 04023 16493
107766 05696 04047 16591
107707 05653 04016 16464
007656 05615 03989 16354
007681 05634 04003 16408
007615 05584 03967 16265
907715 05658 04020 16481
007707 05652 04016 16464
907714 05658 04020 16480
007818 05735 04075 16703
007824 05739 04078 16716
007865 05770 04100 16806
007950 05834 04144 16990
007937 05824 04137 16961
107907 05802 04122 16897
107945 05830 04141 16978
107985 05859 04163 17064
107971 05849 04155 17035
107967 05846 04153 17025
107885 05785 04110 16848
107911 05804 04123 16905
107888 05788 04112 16856
107900 05797 04118 16881
107910 05803 04123 16902
107970 05848 04155 17031
107969 05848 04154 17030
107916 05808 04126 16915
107912 05805 04124 16906
107922 05813 04129 16929
107929 05818 04133 16943