117081 10248 05913 31492
417006 10203 05887 31352
917278 10369 05982 31863
917639 10589 06109 32546
817616 10575 06101 32502
916455 09867 05694 30313
117672 10608 06120 32602
118349 11021 06359 -31653
916558 09929 05729 30503
212461 07452 04305 22868
511350 06783 03922 20811
712092 07231 04178 22188
310654 06371 03685 19546
912485 07470 04315 22925
110579 06328 03660 19413
613139 07865 04542 24138
312387 07412 04281 22744
611886 07111 04109 21819
512002 07181 04149 22034
211691 06995 04042 21461
112245 07328 04233 22484
112978 07768 04486 23840
013726 08220 04746 25228
213251 07932 04581 24343
412159 07275 04204 22322
710544 06307 03648 19346
506640 03983 02326 12187
206486 03892 02274 11907
606205 03726 02180 11394
306894 04135 02413 12654
206930 04157 02426 12721
107118 04269 02489 13065
407270 04359 02540 13344
407271 04359 02540 13345
407105 04260 02484 13041
507162 04295 02503 13146
507608 04560 02654 13964
407844 04701 02734 14396
507849 04704 02736 14406
607894 04731 02752 14488
707914 04743 02758 14525
707891 04730 02751 14484
707962 04772 02775 14614
707920 04747 02761 14537
708009 04800 02791 14700
708120 04866 02829 14903
707941 04759 02768 14574
708022 04808 02796 14725
808077 04841 02814 14826
708099 04854 02822 14867
708073 04838 02813 14818
808084 04845 02817 14839
808191 04908 02853 15034
808065 04833 02810 14803
808525 05108 02967 15646
808607 05157 02995 15796
808647 05181 03009 15870
908679 05200 03020 15930
908678 05199 03019 15926
008844 05299 03076 16232
008600 05152 02992 15783
008806 05276 03063 16162
008955 05365 03114 16435
908761 05248 03047 16078
008912 05338 03099 16355
109036 05413 03141 16582
008937 05353 03107 16400
009120 05463 03170 16737
109043 05417 03144 16596
109190 05505 03194 16865
108965 05370 03117 16451
108961 05368 03115 16444
108923 05345 03102 16374
108998 05389 03128 16510
109041 05415 03143 16590
109047 05419 03145 16602
109264 05549 03219 17002
109158 05486 03183 16806
109052 05422 03147 16611
208954 05364 03113 16431
109004 05394 03131 16523
109128 05468 03173 16751
109117 05461 03169 16731
109078 05438 03156 16659
109107 05456 03166 16714
109100 05452 03164 16701
109111 05458 03168 16721
109108 05457 03167 16716
109100 05451 03164 16700
109065 05431 03152 16637
109089 05445 03160 16681
109087 05444 03159 16677
109025 05407 03139 16567
109061 05429 03151 16630
108844 05299 03076 16231
108938 05355 03109 16403
108921 05345 03103 16372
008914 05341 03101 16359
108933 05352 03107 16394
108885 05324 03091 16306